Bubble Sort

(7, 2, 23, 6, 30, 15, 30, 22)

1st pass
7, 2, 23, 6, 30, 15, 30, 22	Starting
2, 7, 23, 6, 30, 15, 30, 22	7-2 swapped
2, 7, 23, 6, 30, 15, 30, 22	result
2, 7, 23, 6, 30, 15, 30, 22	no change
2, 7, 23, 6, 30, 15, 30, 22	result
2, 7, 6, 23, 30, 15, 30, 22	23-6 swapped
2, 7, 6, 23, 30, 15, 30, 22	result
2, 7, 6, 23, 30, 15, 30, 22	no change
2, 7, 6, 23, 30, 15, 30, 22	result
2, 7, 6, 23, 15, 30, 30, 22	30-15 swapped
2, 7, 6, 23, 15, 30, 30, 22	result
2, 7, 6, 23, 15, 30, 30, 22	no change
2, 7, 6, 23, 15, 30, 30, 22	result
2, 7, 6, 23, 15, 30, 22, 30	30-22 change
2, 7, 6, 23, 15, 30, 22, 30	result

2nd pass
2, 7, 6, 23, 15, 30, 22, 30	no change
2, 7, 6, 23, 15, 30, 22, 30	result
2, 6, 7, 23, 15, 30, 22, 30	7-6 swapped
2, 6, 7, 23, 15, 30, 22, 30	result
2, 6, 7, 23, 15, 30, 22, 30	no change
2, 6, 7, 23, 15, 30, 22, 30	result
2, 6, 7, 15, 23, 30, 22, 30	23-15 swapped
2, 6, 7, 15, 23, 30, 22, 30	result
2, 6, 7, 15, 23, 30, 22, 30	no change
2, 6, 7, 15, 23, 30, 22, 30	result
2, 6, 7, 15, 23, 22, 30, 30	30-22 swapped
2, 6, 7, 15, 23, 22, 30, 30	result
2, 6, 7, 15, 23, 22, 30, 30	no change
2, 6, 7, 15, 23, 22, 30, 30	result

3rd pass
2, 6, 7, 15, 23, 22, 30, 30	no change
2, 6, 7, 15, 23, 22, 30, 30	result
2, 6, 7, 15, 23, 22, 30, 30	no change
2, 6, 7, 15, 23, 22, 30, 30	result
2, 6, 7, 15, 23, 22, 30, 30	no change
2, 6, 7, 15, 23, 22, 30, 30	result
2, 6, 7, 15, 23, 22, 30, 30	no change
2, 6, 7, 15, 23, 22, 30, 30	result
2, 6, 7, 15, 22, 23, 30, 30	23-22 swapped
2, 6, 7, 15, 22, 23, 30, 30	result
2, 6, 7, 15, 22, 23, 30, 30	no change
2, 6, 7, 15, 22, 23, 30, 30	result
2, 6, 7, 15, 22, 23, 30, 30	no change
2, 6, 7, 15, 22, 23, 30, 30	result

4th pass (Sorted list FINAL pass)

2, 6, 7, 15, 22, 23, 30, 30	no change
2, 6, 7, 15, 22, 23, 30, 30	result
2, 6, 7, 15, 22, 23, 30, 30	no change
2, 6, 7, 15, 22, 23, 30, 30	result
2, 6, 7, 15, 22, 23, 30, 30	no change
2, 6, 7, 15, 22, 23, 30, 30	result
2, 6, 7, 15, 22, 23, 30, 30	no change
2, 6, 7, 15, 22, 23, 30, 30	result
2, 6, 7, 15, 22, 23, 30, 30	no change
2, 6, 7, 15, 22, 23, 30, 30	result
2, 6, 7, 15, 22, 23, 30, 30	no change
2, 6, 7, 15, 22, 23, 30, 30	result
2, 6, 7, 15, 22, 23, 30, 30	no change
2, 6, 7, 15, 22, 23, 30, 30	result



Merge Sort

7, 2, 23, 6, 30, 15, 30, 22


	7	2	|	23	6	|	30	15	|	30	22
            |                        |                       |                       |                     
	  2   7                   6     23                15    30               22     30              
                
                                                                                                            
      			      [	2   7  |  6   23 ]| [ 15  30 | 22   30 ]  
                                                                                                         
                                       |                     |      
                                 
                                 [2  6  7  23]    |   [15  22  30  30]      
                                              
                                                  |
                                           
        Final Meged list              [2  6  7  15  22  23  30  30]                                                               


























